##
## Definimos paletas y simbolos para para plots. Si queremos dar opcion al usuario de escoger
## varias paletas, esto se puede sacar fuera de la funcion y pasar las paletas como argumentos
##

#### Default color palettes and vectors ####
paleta_mapman <- c("#59c260", "#55823b", "#bcdf8d", "#dadd42", "#88bc3a", "#79e54a", 
                   "#a6a142", "#c9cfa6", "#cb8238", "#BDB76B", "#FFD700", "#d54837", 
                   "#c07d77", "#ce4867", "#e697a4", "#e53dc8", "#d43f6f", "#9b5b75", 
                   "#cd57a3", "#e391c8", "#e391c8", "#656f91", "#7f53e0", "#e391c8",
                   "#8896dc", "#DCDCDC", "#e391c8", "#a073b9", "#4861ac", "#6bccd5",
                   "#4c7a95", "#4c7a95", "#74b0e0", "#78a7a7", "#808080")
paleta_tratamientos <- c("#e6194b", "#3cb44b", "#ffe119", "#0082c8", "#f58231","#c217b8", 
                         "#38d1d1", "#c24f98")
paleta_niveles <- c("#de6ab7","#ec4e20","#3a7ca5","#1e8a7d","#d4aa13","#9e470d",
                    "#691e0c","#4f2828")
paleta_continuo <- c("#5E4FA2", "#5954A4", "#555AA7", "#5060AA", "#4C66AC", "#476BAF", 
                     "#4371B2", "#3E77B5", "#3A7DB7", "#3682BA", "#3288BC", "#378EBA", 
                     "#3D94B7", "#429AB5", "#47A0B3", "#4CA5B0", "#52ABAE", "#57B1AB", 
                     "#5CB7A9", "#61BDA6", "#67C2A4", "#6EC5A4", "#75C8A4", "#7CCAA4", 
                     "#83CDA4", "#8AD0A4", "#91D2A4", "#98D5A4", "#9FD8A4", "#A6DBA4", 
                     "#ACDDA3", "#B2E0A2", "#B8E2A1", "#BEE5A0", "#C4E79E", "#CAE99D", 
                     "#D0EC9C", "#D6EE9B", "#DCF199", "#E2F398", "#E7F599", "#E9F69D", 
                     "#ECF7A1", "#EEF8A5", "#F1F9A9", "#F3FAAD", "#F6FBB1", "#F8FCB5", 
                     "#FBFDB9", "#FDFEBD", "#FEFDBC", "#FEFAB7", "#FEF7B1", "#FEF4AC", 
                     "#FEF0A7", "#FEEDA2", "#FEEA9C", "#FEE797", "#FEE492", "#FEE18D", 
                     "#FDDC88", "#FDD784", "#FDD27F", "#FDCD7B", "#FDC877", "#FDC373", 
                     "#FDBE6F", "#FDB96A", "#FDB466", "#FDAF62", "#FCA95E", "#FBA25B", 
                     "#FA9C58", "#F99555", "#F88F52", "#F7884F", "#F6824C", "#F67B49", 
                     "#F57446", "#F46E43", "#F16943", "#EE6445", "#EB5F46", "#E85A47", 
                     "#E45648", "#E1514A", "#DE4C4B", "#DB474C", "#D8434D", "#D53E4E", 
                     "#CF384D", "#CA324C", "#C42C4B", "#BF2549", "#B91F48", "#B41947", 
                     "#AE1345", "#A90D44", "#A30743", "#9E0142")

# Symbols
simbolos <- c("circle","cross","square","star","diamond","triangle-up")

# Default fontsizes
fontsizes <- c(14,10,16,12)

# Default vectors
truefalse <- c("Yes","No")

#### Function for introducing used-defined palettes ####

#' @name set_custom_palettes
#' @title Set custom palette for pRocessomics plots
#' @description This function allows to create a new palette to be displayed in pRocessomics plots. Including symbols, fontsizes and colors
#' @usage set_custom_palettes(palette_type,newcustomvalues)
#' @param palette_type
#' \itemize{
#' \item "mapman" For Mapman (or Custom annotation) related plots.
#' \item "levels" For different omic levels 
#' \item "treatment" For different treatments
#' \item "continuous" For continuous scales
#' \item "symbols" 
#' \item "fontsizes"
#' }
#' @param newcustomvalues character vector especifying desired values.
#' @return Override the default values to the user specified 
#' @author Luis Valledor and Laura Lamelas
#' 
#' @export
#' @importFrom graphics rect text par plot

#' 
set_custom_palettes <- function(palette_type,newcustomvalues){
  
  if(palette_type %in% c("mapman","levels","treatment","continuous","symbols","fontsizes")==F) stop("FATAL Error: select adequate palette name to replace. Available palettes are \"mapman\",\"levels\",\"treatment\",\"continuous\",\"symbols\",\"fontsizes\"")
  
  if(palette_type =="mapman" & length(newcustomvalues)!=35) stop("FATAL Error: mapman palette should have exactly 35 elements")
  if(palette_type =="continuous" & length(newcustomvalues)!=100) stop("FATAL Error: continuous palette should have exactly 100 elements")
  if(palette_type =="fontsizes" & length(fontsizes)!=4) stop("FATAL Error: font size vector palette should have exactly 4 elements.")
  
  if(palette_type =="mapman") {
    new_mapman_palette <- newcustomvalues
    class(new_mapman_palette) <- c("color.pRo", "mapman")
    return(new_mapman_palette)}
  
  if(palette_type =="levels") {
    new_level_palette <- newcustomvalues
    class(new_level_palette) <- c("color.pRo", "levels")
    return(new_level_palette)}
  
  if(palette_type =="treatment") {
    mew_treatment_palette <- newcustomvalues
    class(mew_treatment_palette) <- c("color.pRo", "treatment")
    return(mew_treatment_palette)}
  
  if(palette_type =="continuous") {
    new_continous_palette <- newcustomvalues
    class(new_continous_palette) <- c("color.pRo", "continous")
    return(new_continous_palette)}
  
  if(palette_type =="symbols") {
    new_symbols <- newcustomvalues
    class(new_symbols) <- c("color.pRo", "symbols")
    return(new_symbols)}
  
  if(palette_type =="fontsizes") {
    new_fontsizes <- newcustomvalues
    class(new_fontsizes) <- c("color.pRo", "fontsizes")
    return(new_fontsizes)}
  
  
}


#' @name select_palette
#' @title Select and store one of the pre-defined palettes for pRocessomics plots, pRocessomics functions will use the selected palettes to display the plots automatically if any pre-selected palette is in the global environment
#' @description This function allows to select de desired palette (among different options) to be displayed in pRocessomics plots. 
#' @usage select_palette()
#' @return charater vector, class "color.pRo" to set user defined colors/symbols/fontsizes to pRocessomics generated plots
#' @author Luis Valledor and Laura Lamelas
#' 
#' @export
#' @importFrom graphics rect text par plot
#' @importFrom utils select.list
#' @importFrom grDevices dev.cur

# Function for selecting a pre-defined palette
select_palette <- function(){
  
  headings_wizards("pRocessomcis - Palette Selection")
  texts_wizard("\n\nImage shows pRocessomics color space. In the upper rows you can see the palettes currently used for levels (Current-Lvls). Pre-designed palettes are shown below. You can also employ your own colors and symbols palettes and import them to pRocessomics with set_custom_palettes(). Please read 'https://github.com/Valledor/pRocessomics/wiki/Pre-processing-your-data' before continuing.")
  texts_wizard("\nWe recommend employing RColorBrewer or Viridis packages for getting beautiful palettes. Part of pRocessomics palettes have been generated with these tools.\n")
  texts_wizard("Press [enter] to continue...")
  invisible(readline())
  # Reset environment
  while (grDevices::dev.cur()>1) {
  dev.off()}
  graphics::par(mfrow=c(1,1),mar=c(0, 4.5, 1.5, 0))
  
  #### Define Palettes ####  
  Colorful <- c("#e6194b", "#3cb44b", "#ffe119", "#0082c8", "#f58231","#c217b8", "#38d1d1")
  Suede <- c("#A7226E","#EC2049","#F26B38", "#F7DB4F", "#2F9599", "#547980", "#594F4F")
  Strong <- c("#e11f25", "#3b7eb6", "#51ae4f", "#9851a1", "#fc8023", "#f5f546", "#693417")
  Rainbow <- c("#e6235b","#f08232","#fae650","#a0c84b","#4bbea0","#4182be","#644ba0")
  Calid <- c("#de6ab7","#ec4e20","#3a7ca5","#1e8a7d","#d4aa13","#9e470d","#691e0c")
  Intense <- c("red","blue","green","purple","orange","yellow","brown")
  
  #### Plot colors for omic levels and treatments ####
  listapaletas <- list(Intense, Rainbow, Calid, Strong, Suede, Colorful,paleta_niveles,paleta_tratamientos)
  names(listapaletas) <- c("Intense", "Rainbow", "Calid", "Strong", "Suede", "Colorful", "Current-Lvls", "Current-Trmnt")
  
  n <-sapply(listapaletas,function(x) length(x))
  nr <- length(listapaletas)
  nc <- max(n)
  
  ylim <- c(0,nr)
  oldpar <- graphics::par(mgp=c(2,0.25,0))
  on.exit(graphics::par(oldpar))
  graphics::plot(1,1,xlim=c(0,nc),