##
## Definimos paletas y simbolos para para plots. Si queremos dar opcion al usuario de escoger
## varias paletas, esto se puede sacar fuera de la funcion y pasar las paletas como argumentos
##

paleta_mapman <- c("#59c260", "#55823b", "#bcdf8d", "#dadd42", "#88bc3a", "#79e54a", 
                   "#a6a142", "#c9cfa6", "#cb8238", "#BDB76B", "#FFD700", "#d54837", 
                   "#c07d77", "#ce4867", "#e697a4", "#e53dc8", "#d43f6f", "#9b5b75", 
                   "#cd57a3", "#e391c8", "#e391c8", "#656f91", "#7f53e0", "#e391c8",
                   "#8896dc", "#DCDCDC", "#e391c8", "#a073b9", "#4861ac", "#6bccd5",
                   "#4c7a95", "#4c7a95", "#74b0e0", "#78a7a7", "#808080")

paleta_niveles <- c("#74c46a","#ec4e20","#3a7ca5","#e81f1b","ef476f") #esta paleta hay que retocarla para q se vea mejor

paleta_tratamientos <- c("#e6194b", "#3cb44b", "#ffe119", "#0082c8", "#f58231", "#911eb4", #esta paleta tb habra que retocarla
                         "#46f0f0", "#f032e6", "#d2f53c", "#fabebe", "#008080", "#e6beff",
                         "#aa6e28", "#fffac8","#80000","#aaffc3","#808000","#ffd8b1",
                         "#000080", "#808080","#FFFFFF","#000000")

simbolos <- c('circle','cross','square',"star","diamond")  #esto igual hay que retocarlo tambien para ser mas claro
